[121.500771,29.830229],
[121.561668,29.835127],
[121.539024,29.819826],
[121.506317,29.936125],
[121.550911,29.859282],
[121.539024,29.819826],
[121.539024,29.819826],
[121.539024,29.819826],
[121.539024,29.819826],
[121.500992,29.828136],
[121.508430,29.820641],
[121.720016,29.842432],
[121.504639,29.832027],
[121.562553,29.848473],
[121.503517,29.839666],
[121.633163,29.887756],
[121.564911,29.869814],
[121.584541,29.863874],
[121.584541,29.863874],
[121.447281,29.852671],
[121.439827,29.292917],
[121.567207,29.846222],
[121.567207,29.846222],
[121.567207,29.846222],
[121.439827,29.292917],
